I: 3031323334353637 0000000000000000
00000001 00000010
00000000000000000000000000000001 00000000000000000000000000010000
00000002 00000020
00000000000000000000000000000010 00000000000000000000000000100000
00000004 00000040
00000000000000000000000000000100 00000000000000000000000001000000
00000008 00000080
00000000000000000000000000001000 00000000000000000000000010000000
00000010 00000100
00000000000000000000000000010000 00000000000000000000000100000000
00000020 00000201
00000000000000000000000000100000 00000000000000000000001000000001
00000040 00000402
00000000000000000000000001000000 00000000000000000000010000000010
00000080 00000804
00000000000000000000000010000000 00000000000000000000100000000100
00000100 00001008
00000000000000000000000100000000 00000000000000000001000000001000
00000200 00002010
00000000000000000000001000000000 00000000000000000010000000010000
00000400 00004020
00000000000000000000010000000000 00000000000000000100000000100000
00000800 00008040
00000000000000000000100000000000 00000000000000001000000001000000
00001000 00010080
00000000000000000001000000000000 00000000000000010000000010000000
00002000 00020100
00000000000000000010000000000000 00000000000000100000000100000000
00004000 00040200
00000000000000000100000000000000 00000000000001000000001000000000
00008000 00080400
00000000000000001000000000000000 00000000000010000000010000000000
00010000 00100800
00000000000000010000000000000000 00000000000100000000100000000000
00020000 00201000
00000000000000100000000000000000 00000000001000000001000000000000
00040000 00402000
00000000000001000000000000000000 00000000010000000010000000000000
00080000 00804000
00000000000010000000000000000000 00000000100000000100000000000000
00100000 01008000
00000000000100000000000000000000 00000001000000001000000000000000
00200000 02010000
00000000001000000000000000000000 00000010000000010000000000000000
00400000 04020000
00000000010000000000000000000000 00000100000000100000000000000000
00800000 08040000
00000000100000000000000000000000 00001000000001000000000000000000
01000000 10080000
00000001000000000000000000000000 00010000000010000000000000000000
02000000 20100000
00000010000000000000000000000000 00100000000100000000000000000000
04000000 40200000
00000100000000000000000000000000 01000000001000000000000000000000
08000000 80400000
00001000000000000000000000000000 10000000010000000000000000000000
10000000 00800000
00010000000000000000000000000000 00000000100000000000000000000000
20000000 01000000
00100000000000000000000000000000 00000001000000000000000000000000
40000000 02000000
01000000000000000000000000000000 00000010000000000000000000000000
80000000 04000000
10000000000000000000000000000000 00000100000000000000000000000000
R: 2E27C7F0A11B3F74 9A216A00EAB8698F
V: 25678129756BE4D4 E17C9F3426E81D33
