00000001 00000001 00000000000000000000000000000001 00000000000000000000000000000001
00000002 00000002 00000000000000000000000000000010 00000000000000000000000000000010
00000004 00000004 00000000000000000000000000000100 00000000000000000000000000000100
00000008 00000008 00000000000000000000000000001000 00000000000000000000000000001000
00000010 00000010 00000000000000000000000000010000 00000000000000000000000000010000
00000020 00000020 00000000000000000000000000100000 00000000000000000000000000100000
00000040 00000040 00000000000000000000000001000000 00000000000000000000000001000000
00000080 00000080 00000000000000000000000010000000 00000000000000000000000010000000
00000100 00000100 00000000000000000000000100000000 00000000000000000000000100000000
00000200 00000200 00000000000000000000001000000000 00000000000000000000001000000000
00000400 00000400 00000000000000000000010000000000 00000000000000000000010000000000
00000800 00000800 00000000000000000000100000000000 00000000000000000000100000000000
00001000 00001000 00000000000000000001000000000000 00000000000000000001000000000000
00002000 00002000 00000000000000000010000000000000 00000000000000000010000000000000
00004000 00004000 00000000000000000100000000000000 00000000000000000100000000000000
00008000 00008000 00000000000000001000000000000000 00000000000000001000000000000000
00010000 00010000 00000000000000010000000000000000 00000000000000010000000000000000
00020000 00020000 00000000000000100000000000000000 00000000000000100000000000000000
00040000 00040000 00000000000001000000000000000000 00000000000001000000000000000000
00080000 00080000 00000000000010000000000000000000 00000000000010000000000000000000
00100000 00100000 00000000000100000000000000000000 00000000000100000000000000000000
00200000 00200000 00000000001000000000000000000000 00000000001000000000000000000000
00400000 00400000 00000000010000000000000000000000 00000000010000000000000000000000
00800000 00800000 00000000100000000000000000000000 00000000100000000000000000000000
01000000 01000000 00000001000000000000000000000000 00000001000000000000000000000000
02000000 02000000 00000010000000000000000000000000 00000010000000000000000000000000
04000000 04000000 00000100000000000000000000000000 00000100000000000000000000000000
08000000 08000000 00001000000000000000000000000000 00001000000000000000000000000000
10000000 10000000 00010000000000000000000000000000 00010000000000000000000000000000
20000000 20000000 00100000000000000000000000000000 00100000000000000000000000000000
40000000 40000000 01000000000000000000000000000000 01000000000000000000000000000000
80000000 80000000 10000000000000000000000000000000 10000000000000000000000000000000
