00000001 00000010
00000002 00000020
00000004 00000040
00000008 00000080
00000010 00000100
00000020 00000201
00000040 00000402
00000080 00000804
00000100 00001008
00000200 00002010
00000400 00004020
00000800 00008040
00001000 00010080
00002000 00020100
00004000 00040200
00008000 00080400
00010000 00100800
00020000 00201000
00040000 00402000
00080000 00804000
00100000 01008000
00200000 02010000
00400000 04020000
00800000 08040000
01000000 10080000
02000000 20100000
04000000 40200000
08000000 80400000
10000000 00800000
20000000 01000000
40000000 02000000
80000000 04000000
80000001 04000010 10000000000000000000000000000001 00000100000000000000000000010000
80000002 04000020 10000000000000000000000000000010 00000100000000000000000000100000
80000004 04000040 10000000000000000000000000000100 00000100000000000000000001000000
80000008 04000080 10000000000000000000000000001000 00000100000000000000000010000000
80000010 04000100 10000000000000000000000000010000 00000100000000000000000100000000
80000020 04000201 10000000000000000000000000100000 00000100000000000000001000000001
80000040 04000402 10000000000000000000000001000000 00000100000000000000010000000010
80000080 04000804 10000000000000000000000010000000 00000100000000000000100000000100
80000100 04001008 10000000000000000000000100000000 00000100000000000001000000001000
80000200 04002010 10000000000000000000001000000000 00000100000000000010000000010000
80000400 04004020 10000000000000000000010000000000 00000100000000000100000000100000
80000800 04008040 10000000000000000000100000000000 00000100000000001000000001000000
80001000 04010080 10000000000000000001000000000000 00000100000000010000000010000000
80002000 04020100 10000000000000000010000000000000 00000100000000100000000100000000
80004000 04040200 10000000000000000100000000000000 00000100000001000000001000000000
80008000 04080400 10000000000000001000000000000000 00000100000010000000010000000000
80010000 04100800 10000000000000010000000000000000 00000100000100000000100000000000
80020000 04201000 10000000000000100000000000000000 00000100001000000001000000000000
80040000 04402000 10000000000001000000000000000000 00000100010000000010000000000000
80080000 04804000 10000000000010000000000000000000 00000100100000000100000000000000
80100000 05008000 10000000000100000000000000000000 00000101000000001000000000000000
80200000 06010000 10000000001000000000000000000000 00000110000000010000000000000000
80400000 00020000 10000000010000000000000000000000 00000000000000100000000000000000
80800000 0C040000 10000000100000000000000000000000 00001100000001000000000000000000
81000000 14080000 10000001000000000000000000000000 00010100000010000000000000000000
82000000 24100000 10000010000000000000000000000000 00100100000100000000000000000000
84000000 44200000 10000100000000000000000000000000 01000100001000000000000000000000
88000000 84400000 10001000000000000000000000000000 10000100010000000000000000000000
90000000 04800000 10010000000000000000000000000000 00000100100000000000000000000000
A0000000 05000000 10100000000000000000000000000000 00000101000000000000000000000000
C0000000 06000000 11000000000000000000000000000000 00000110000000000000000000000000
